1.0
5.96882291334129
4.9901623766349745
1.0
1.0
2.0
1.0
1.0
1.0
2.0
1.0
1.0
1.0
5.911682288930701
1.0
1.0
1.0
1.0
2.0
1.0
1.0
1.0
1.0
1.0
1.0
1.0
1.0
1.0
4.968104917657698
1.0
4.981488743714095
1.0
1.0
1.0
1.0
1.0
1.0
2.0
5.927091213693476
1.0
1.0
5.9756601169128505
1.0
1.0
1.0
3.997016318044174
1.0
2.0
2.0
1.0
1.0
1.0
1.0
1.0
1.0
1.0
1.0
1.0
1.0
4.999188137956704
1.0
2.0
1.0
1.0
1.0
1.0
1.0
2.0
1.0
1.0
1.0
1.0
5.945525173982012
4.0
1.0
1.0
1.0
2.0
6.891657446316217
1.0
1.0
1.0
1.0
1.0
2.0
1.0
1.0
4.0
1.0
1.0
10.600609119373647
2.0
9.89160845372651
1.0
1.0
1.0
2.0
1.0
1.0
1.0
1.0
3.994495556002785
2.0
1.0
1.0
1.0
1.0
1.0
1.0
1.0
1.0
2.0
1.0
1.0
1.0
1.0
4.963045900465534
1.0
1.0
1.0
1.0
1.0
4.990568189440072
1.0
1.0
5.900313351975667
1.0
2.0
1.0
2.0
6.924192544349579
1.0
1.0
1.0
1.0
1.0
1.0
1.0
2.0
1.0
1.0
1.0
2.0
1.0
1.0
2.0
5.9083687882449984
1.0
1.0
4.0
1.0
1.0
1.0
1.0
1.0
1.0
8.745149540126526
1.0
2.0
1.0
1.0
1.0
2.0
3.999641412036191
2.0
1.0
1.0
6.906317463368872
1.0
2.0
4.998505317270244
1.0
1.0
5.946841025961708
2.0
2.0
1.0
1.0
2.0
4.978272282789499
2.0
1.0
2.0
2.0
4.0
5.931434251177417
1.0
7.74439791457391
2.0
2.0
1.0
1.0
2.0
2.0
4.996430260495012
1.0
1.0
1.0
2.0
1.0
1.0
1.0
1.0
1.0
1.0
2.0
1.0
1.0
1.0
1.0
1.0
2.0
1.0
2.0
2.0
1.0
1.0
1.0
1.0
1.0
1.0
2.0
6.867418728265507
1.0
7.826157633229138
1.0
4.985490822779704
1.0
5.941617562123572
1.0
1.0
3.996989511518103
1.0
1.0
5.9635041505154165
1.0
1.0
1.0
1.0
2.0
1.0
1.0
4.963061473492177
2.0
1.0
1.0
1.0
1.0
1.0
1.0
1.0
1.0
1.0
1.0
1.0
4.9808907680346675
1.0
1.0
1.0
1.0
1.0
6.897514778960429
1.0
2.0
1.0
1.0
4.992040152641037
1.0
1.0
4.0
1.0
1.0
1.0
8.924499301988678
1.0
1.0
2.0
1.0
2.0
1.0
6.907814444334455
2.0
1.0
1.0
1.0
1.0
1.0
1.0
1.0
1.0
1.0
1.0
1.0
2.0
1.0
1.0
1.0
1.0
1.0
2.0
1.0
1.0
7.878016480482079
1.0
1.0
1.0
1.0
1.0
1.0
2.0
1.0
1.0
9.676055386571269
1.0
2.0
5.9376778185767805
1.0
1.0
2.0
1.0
1.0
2.0
1.0
2.0
6.925446529132455
2.0
1.0
1.0
2.0
2.0
2.0
1.0
1.0
1.0
1.0
1.0
2.0
2.0
1.0
1.0
2.0
1.0
1.0
1.0
1.0
1.0
5.926231785200555
5.91565979391681
1.0
2.0
1.0
1.0
1.0
1.0
1.0
1.0
2.0
1.0
1.0
1.0
3.9942054367104762
1.0
1.0
4.993218865588666
2.0
1.0
1.0
1.0
5.989270099540138
4.987936501642514
1.0
1.0
1.0
4.0
1.0
1.0
1.0
1.0
1.0
1.0
1.0
2.0
1.0
2.0
1.0
1.0
2.0
1.0
9.796342123749424
1.0
6.905561054316772
3.9972217872058122
4.0
1.0
2.0
1.0
1.0
5.926208867346925
9.649871350032294
4.980619390100836
5.954506047981343
1.0
1.0
1.0
1.0
1.0
1.0
2.0
1.0
4.0
1.0
1.0
6.935701032850079
1.0
1.0
1.0
4.0
4.970231141416322
1.0
1.0
1.0
3.998715275164878
1.0
5.924611553771923
1.0
1.0
3.9994288877017765
2.0
4.9733181529405215
1.0
1.0
1.0
2.0
1.0
2.0
1.0
1.0
2.0
2.0
1.0
1.0
4.972044398006946
1.0
1.0
1.0
2.0
5.921097781984027
2.0
2.0
7.862450671819051
1.0
1.0
4.985413050000785
1.0
1.0
1.0
1.0
1.0
2.0
1.0
2.0
1.0
4.989458860539781
4.988923639360403
1.0
1.0
5.962927333641897
6.884865664196122
1.0
1.0
1.0
1.0
1.0
1.0
1.0
2.0
1.0
1.0
4.97410946044074
1.0
1.0
4.975816386784144
1.0
1.0
1.0
1.0
1.0
1.0
1.0
1.0
2.0
1.0
4.968821763539518
4.964124531999877
5.936840213880163
1.0
1.0
1.0
4.992287001422138
1.0
1.0
1.0
1.0
1.0
1.0
2.0
1.0
3.99235060215712
5.981305429045965
1.0
1.0
1.0
2.0
1.0
4.981601639583886
2.0
1.0
5.951628683996011
1.0
1.0
4.0
2.0
1.0
1.0
1.0
1.0
1.0
1.0
5.947046284887016
1.0
1.0
4.957249283897392
1.0
1.0
6.939587062951063
1.0
1.0
1.0
1.0
1.0
1.0
1.0
1.0
1.0
1.0
1.0
1.0
6.917535749922257
1.0
2.0
2.0
1.0
2.0
1.0
6.878197448735599
1.0
1.0
6.925310859585399
7.940003629638097
3.9957959484297785
4.956418283755875
1.0
1.0
4.968898050010548
4.0
6.881170942647566
2.0
1.0
1.0
4.992853949155154
1.0
1.0
1.0
4.993432064798174
1.0
1.0
1.0
1.0
1.0
1.0
1.0
2.0
1.0
1.0
1.0
1.0
2.0
1.0
1.0
1.0
5.9172107330734836
1.0
1.0
4.997164509428032
1.0
2.0
1.0
2.0
1.0
2.0
1.0
1.0
1.0
2.0
1.0
1.0
1.0
4.962226458492159
4.994193329871678
1.0
1.0
1.0
1.0
1.0
4.961572280126811
1.0
1.0
2.0
1.0
1.0
1.0
1.0
1.0
4.0
1.0
1.0
1.0
1.0
1.0
1.0
1.0
1.0
1.0
1.0
1.0
4.961780929159904
2.0
1.0
1.0
1.0
1.0
1.0
5.936376715531842
1.0
4.993952477323806
1.0
1.0
1.0
2.0
1.0
1.0
3.9987894305275584
1.0
3.9997502890024386
1.0
6.922423404823734
1.0
1.0
1.0
1.0
1.0
1.0
1.0
2.0
2.0
1.0
1.0
1.0
3.999286751467353
1.0
1.0
1.0
1.0
5.961334947576737
1.0
1.0
2.0
1.0
1.0
8.886324778747301
1.0
1.0
4.958213502346109
1.0
1.0
1.0
1.0
1.0
1.0
1.0
1.0
1.0
1.0
5.993365385332664
1.0
1.0
8.808393855870971
1.0
1.0
1.0
1.0
1.0
2.0
1.0
9.746008481291975
1.0
1.0
2.0
1.0
5.955403803871353
1.0
5.967423974214286
3.9951543463440298
1.0
1.0
1.0
1.0
1.0
1.0
1.0
4.0
1.0
1.0
1.0
1.0
1.0
1.0
1.0
1.0
1.0
1.0
1.0
2.0
3.0
1.0
2.0
1.0
2.0
2.0
1.0
1.0
1.0
1.0
2.0
1.0
1.0
1.0
2.0
1.0
7.834471319205433
1.0
1.0
1.0
1.0
7.846300101275064
1.0
1.0
2.0
1.0
9.831931869839819
2.0
1.0
1.0
2.0
2.0
2.0
1.0
2.0
1.0
1.0
2.0
1.0
1.0
1.0
1.0
1.0
2.0
1.0
6.823596702508345
1.0
1.0
2.0
1.0
5.9415885550252865
1.0
2.0
1.0
1.0
8.894581176729215
1.0
1.0
1.0
2.0
1.0
2.0
1.0
6.836729181601278
2.0
1.0
1.0
1.0
1.0
3.9997602881214793
2.0
2.0
6.972537630154423
1.0
1.0
4.990176278108991
1.0
1.0
1.0
1.0
1.0
1.0
1.0
1.0
1.0
1.0
1.0
2.0
2.0
1.0
1.0
1.0
1.0
1.0
1.0
5.974878782591248
1.0
4.0
5.981049593288817
1.0
1.0
1.0
1.0
1.0
2.0
1.0
1.0
2.0
1.0
4.987020525822778
1.0
4.984470817255524
1.0
2.0
4.954274570814002
1.0
2.0
2.0
7.852114220610184
1.0
4.0
4.9613058544420845
6.880492942218997
8.739140100984656
2.0
1.0
6.95841983974123
1.0
1.0
1.0
7.870692930723371
1.0
4.977458154246154
2.0
5.996332634324143
3.9979736846339633
1.0
1.0
2.0
1.0
1.0
1.0
1.0
1.0
4.962749630787307
4.973418482282682
1.0
2.0
2.0
1.0
2.0
1.0
4.954185313953802
2.0
1.0
1.0
1.0
1.0
4.986253010062733
3.9992657565335747
1.0
1.0
1.0
2.0
1.0
5.893229321835614
2.0
1.0
1.0
1.0
1.0
4.979399158201952
1.0
1.0
1.0
1.0
1.0
2.0
1.0
1.0
1.0
2.0
1.0
1.0
2.0
1.0
1.0
1.0
1.0
2.0
1.0
5.970416863230381
1.0
2.0
2.0
5.970584725412319
2.0
1.0
4.9575883358167925
2.0
1.0
4.998416258057049
1.0
2.0
4.0
2.0
1.0
1.0
1.0
1.0
5.897478980903835
5.954046276129374
1.0
2.0
1.0
1.0
9.638018605725389
8.836624236523747
1.0
2.0
1.0
4.98214972570554
1.0
1.0
1.0
1.0
1.0
1.0
6.952193511948841
1.0
4.955677195589169
1.0
1.0
2.0
1.0
1.0
2.0
1.0
1.0
2.0
1.0
2.0
4.9908597420569425
4.9642610516836
1.0
5.990569399166757
1.0
1.0
2.0
2.0
2.0
3.999717013347747
1.0
1.0
2.0
2.0
1.0
1.0
5.946150834787114
2.0
1.0
2.0
2.0
2.0
1.0
1.0
2.0
5.997265507198569
2.0
1.0
4.989515462766908
2.0
2.0
11.65871272935549
1.0
1.0
6.897121679856881
8.756019675405389
1.0
1.0
1.0
1.0
2.0
1.0
1.0
1.0
1.0
2.0
1.0
1.0
1.0
1.0
1.0
1.0
1.0
1.0
1.0
1.0
1.0
1.0
1.0
1.0
4.954396179218734
2.0
2.0
2.0
2.0
7.886394589066995
1.0
1.0
1.0
1.0
1.0
1.0
1.0
1.0
1.0
9.705285840555597
6.859100403187629
2.0
1.0
1.0
1.0
1.0
5.942865993465729
1.0
1.0
1.0
1.0
1.0
2.0
8.86909481956647
2.0
1.0
1.0
1.0
1.0
1.0
2.0
2.0
1.0
1.0
1.0
7.827504066992431
1.0
1.0
1.0
1.0
1.0
7.797415452375335
6.94506669424703
2.0
1.0
5.964366305787373
3.9980253176915164
1.0
6.963360302188136
2.0
1.0
2.0
1.0
1.0
1.0
1.0
1.0
2.0
1.0
1.0
1.0
1.0
1.0
2.0
1.0
1.0
2.0
1.0
1.0
8.802856218597787
1.0
1.0
1.0
1.0
9.655259658703837
1.0
1.0
2.0
1.0
1.0
4.979612639846977
1.0
1.0
5.929225371142125
1.0
2.0
6.932230435483409
2.0
1.0
1.0
2.0
2.0
1.0
1.0
1.0
1.0
2.0
7.800596783108127
1.0
1.0
4.0
2.0
1.0
1.0
1.0
1.0
1.0
2.0
1.0
1.0
2.0
2.0
2.0
2.0
1.0
2.0
1.0
1.0
6.960713462769946
1.0
1.0
1.0
1.0
1.0
1.0
1.0
2.0
1.0
6.881192212785552
1.0
3.9923554231703067
5.931070844808916
3.9954479570133286
7.863896267983194
1.0
2.0
1.0
8.715325581835604
1.0
1.0
1.0
4.0
1.0
2.0
1.0
1.0
1.0
1.0
1.0
1.0
2.0
1.0
1.0
1.0
2.0
1.0
1.0
4.982239732027256
1.0
5.942728938830303
1.0
2.0
1.0
1.0
11.56730404335203
1.0
1.0
1.0
1.0
2.0
1.0
1.0
1.0
1.0
1.0
2.0
2.0
1.0
1.0
2.0
1.0
2.0
1.0
1.0
6.966626785970042
5.980554664963939
7.895735184800848
1.0
4.97799696832389
2.0
1.0
2.0
6.909497409052012
1.0
1.0
2.0
1.0
1.0
5.951577388748873
1.0
1.0
1.0
1.0
1.0
2.0
1.0
1.0
3.9950926300054506
2.0
1.0
2.0
1.0
4.979526264759784
2.0
4.0
5.986813209288246
3.9938722667208206
1.0
3.99438293181568
2.0
4.994439494384913
4.967222157019802
1.0
1.0
1.0
1.0
1.0
1.0
2.0
1.0
1.0
1.0
1.0
2.0
1.0
1.0
2.0
1.0
1.0
1.0
2.0
1.0
3.0
2.0
5.9685198153590475
1.0
1.0
1.0
1.0
1.0
1.0
2.0
1.0
1.0
1.0
1.0
6.835108762222048
4.987484789544617
5.956008067549885
1.0
1.0
1.0
1.0
1.0
1.0
2.0
2.0
1.0
1.0
1.0
2.0
1.0
5.997265507198569
1.0
1.0
1.0
1.0
5.955387289057159
1.0
5.972844353001387
1.0
3.99267368434492
1.0
1.0
1.0
1.0
2.0
1.0
2.0
1.0
1.0
1.0
1.0
1.0
1.0
1.0
1.0
1.0
1.0
1.0
1.0
1.0
1.0
2.0
1.0
1.0
1.0
1.0
2.0
1.0
2.0
1.0
5.945662960685005
1.0
1.0
1.0
1.0
2.0
1.0
4.992119637953324
1.0
1.0
1.0
1.0
1.0
1.0
1.0
6.818643279095646
2.0
1.0
3.996506202684197
1.0
1.0
1.0
1.0
2.0
1.0
1.0
1.0
1.0
1.0
1.0
2.0
1.0
2.0
1.0
1.0
1.0
1.0
1.0
1.0
1.0
1.0
1.0
5.926099160741378
1.0
2.0
1.0
1.0
1.0
1.0
1.0
7.926074486465956
2.0
2.0
2.0
1.0
3.994656930389185
1.0
1.0
2.0
1.0
6.8507258862177745
2.0
1.0
1.0
1.0
5.936385425561521
1.0
1.0
1.0
1.0
1.0
4.968604253408658
1.0
4.0
2.0
1.0
1.0
1.0
1.0
1.0
1.0
1.0
1.0
1.0
2.0
1.0
6.9208759052355076
2.0
1.0
1.0
1.0
4.9726667051436735
1.0
2.0
1.0
1.0
1.0
1.0
2.0
2.0
1.0
1.0
1.0
5.954436435802133
1.0
1.0
8.730926048742834
1.0
2.0
1.0
2.0
4.954846119952226
6.976060014286465
6.913974207461175
2.0
1.0
1.0
1.0
1.0
1.0
1.0
7.822998301529318
1.0
1.0
4.96004977656572
5.995137652966813
1.0
1.0
1.0
1.0
3.992549101330546
1.0
1.0
1.0
1.0
4.0
1.0
1.0
1.0
2.0
2.0
1.0
1.0
1.0
6.858060037242505
1.0
5.948006716582536
1.0
2.0
1.0
1.0
7.958202329636875
8.837122826780615
1.0
1.0
1.0
3.995870178515681
1.0
1.0
1.0
1.0
1.0
11.620901851778457
1.0
1.0
2.0
1.0
1.0
1.0
1.0
6.901293539595617
1.0
2.0
2.0
1.0
2.0
2.0
2.0
1.0
2.0
7.856819585945106
4.986899444470396
3.9964865589857004
2.0
1.0
4.958349752057826
1.0
1.0
1.0
2.0
1.0
1.0
1.0
1.0
1.0
1.0
2.0
2.0
3.9980751177928613
1.0
1.0
1.0
1.0
1.0
1.0
1.0
1.0
1.0
2.0
4.963382885250191
1.0
1.0
1.0
2.0
1.0
1.0
1.0
1.0
2.0
4.945317284919804
1.0
1.0
2.0
1.0
1.0
1.0
6.8656380534207235
6.862845360596592
1.0
1.0
6.914666140221058
1.0
2.0
1.0
1.0
1.0
1.0
2.0
1.0
4.976826887812505
5.93587626535488
2.0
1.0
1.0
1.0
1.0
6.96056307429062
2.0
1.0
1.0
1.0
1.0
1.0
1.0
1.0
1.0
1.0
1.0
1.0
1.0
2.0
1.0
1.0
1.0
1.0
2.0
1.0
1.0
1.0
1.0
1.0
5.930925083128938
1.0
1.0
1.0
1.0
7.840544712642546
2.0
6.925330975044827
2.0
8.744859630933792
1.0
1.0
1.0
6.931792956826198
3.998635310490407
5.924054774162126
1.0
1.0
1.0
2.0
1.0
1.0
1.0
1.0
1.0
2.0
1.0
5.9685071374429715
4.987527617409287
1.0
2.0
4.969193421247486
2.0
5.945913278514617
2.0
1.0
1.0
4.990673169302438
2.0
1.0
1.0
4.984206246425581
2.0
1.0
2.0
3.999857336725576
4.994620065653483
1.0
2.0
2.0
1.0
1.0
1.0
6.9314838387347155
1.0
4.961138970491624
1.0
1.0
3.994618000102137
1.0
1.0
2.0
2.0
1.0
2.0
1.0
1.0
2.0
4.978729784028567
1.0
1.0
2.0
1.0
6.963842066463343
1.0
1.0
1.0
2.0
1.0
8.719865214606605
1.0
1.0
1.0
1.0
1.0
2.0
2.0
2.0
1.0
4.97428926726726
4.986659628606953
1.0
1.0
2.0
1.0
1.0
2.0
1.0
1.0
2.0
1.0
1.0
1.0
1.0
1.0
1.0
1.0
1.0
1.0
2.0
1.0
1.0
4.989640718527216
1.0
1.0
1.0
1.0
1.0
1.0
2.0
1.0
2.0
1.0
2.0
2.0
2.0
4.0
2.0
1.0
1.0
1.0
1.0
1.0
1.0
1.0
1.0
1.0
5.931712208165108
2.0
2.0
1.0
4.9759908669481625
6.937278311119458
4.996415546815809
8.859163777189174
5.961973184329876
1.0
1.0
2.0
1.0
2.0
2.0
1.0
6.908287026375221
5.91922022186621
2.0
2.0
4.978313708940778
1.0
1.0
1.0
1.0
2.0
1.0
4.972056808375674
1.0
1.0
4.0
1.0
1.0
1.0
1.0
1.0
2.0
1.0
1.0
1.0
1.0
1.0
5.951273493772161
1.0
2.0
1.0
1.0
8.84483595410731
7.882000852629119
1.0
2.0
2.0
1.0
1.0
1.0
7.822005080499779
1.0
1.0
5.964944092209066
2.0
1.0
4.0
1.0
4.9660309972034025
2.0
1.0
1.0
1.0
1.0
10.657867553540163
1.0
3.9981792081165217
1.0
1.0
2.0
6.834015424125543
6.949169915341404
1.0
1.0
1.0
1.0
4.0
1.0
5.945474322875569
1.0
1.0
1.0
1.0
1.0
1.0
1.0
1.0
2.0
1.0
1.0
1.0
1.0
1.0
2.0
1.0
1.0
1.0
1.0
1.0
5.9474935906483655
1.0
1.0
1.0
3.999847503875976
1.0
1.0
1.0
1.0
5.955448776407894
2.0
1.0
1.0
1.0
1.0
5.934366650776313
1.0
6.95705728142911
1.0
1.0
1.0
1.0
1.0
1.0
1.0
1.0
5.9787045233428495
5.961943714516603
1.0
1.0
1.0
1.0
1.0
5.9803137793474885
1.0
1.0
1.0
1.0
1.0
1.0
3.9985148416076997
1.0
1.0
1.0
4.952162742512481
1.0
1.0
2.0
4.0
1.0
1.0
6.955660627481655
1.0
1.0
1.0
9.698956717641943
4.99813243611011
4.0
1.0
1.0
6.856214366278675
1.0
1.0
1.0
4.0
1.0
1.0
2.0
1.0
1.0
1.0
1.0
1.0
1.0
2.0
1.0
4.991388506160501
1.0
2.0
4.995259317045793
1.0
11.399193459814086
1.0
1.0
1.0
1.0
1.0
1.0
1.0
4.995793768654925
1.0
1.0
1.0
2.0
1.0
1.0
4.952279100032289
6.915026144444743
1.0
1.0
1.0
1.0
1.0
1.0
1.0
1.0
4.979240560146977
3.9922904232668106
1.0
4.0
2.0
1.0
1.0
1.0
1.0
8.783700508938935
1.0
2.0
3.999999722222236
1.0
1.0
1.0
1.0
1.0
1.0
1.0
2.0
1.0
1.0
1.0
1.0
2.0
4.0
1.0
1.0
6.867561455393732
1.0
6.899884414123776
1.0
1.0
1.0
1.0
1.0
3.998822397851637
1.0
2.0
2.0
1.0
1.0
2.0
1.0
1.0
4.998137933545992
1.0
1.0
1.0
1.0
1.0
1.0
2.0
2.0
2.0
1.0
2.0
3.99798217890477
1.0
2.0
1.0
1.0
1.0
1.0
1.0
1.0
1.0
2.0
3.9955057031499956
1.0
1.0
1.0
2.0
1.0
4.991678287121997
2.0
1.0
2.0
2.0
1.0
1.0
1.0
1.0
1.0
1.0
2.0
4.0
1.0
2.0
2.0
6.908331658018757
1.0
1.0
1.0
1.0
1.0
1.0
1.0
1.0
1.0
1.0
1.0
2.0
2.0
1.0
1.0
2.0
1.0
1.0
1.0
1.0
1.0
1.0
4.0
1.0
1.0
1.0
1.0
6.9681497352512025
5.91845766238522
1.0
1.0
1.0
1.0
1.0
1.0
1.0
3.99816889238668
1.0
1.0
1.0
1.0
1.0
7.841089201715391
3.9989535158972864
1.0
1.0
1.0
1.0
1.0
2.0
1.0
2.0
1.0
1.0
1.0
1.0
2.0
1.0
8.805729180307717
1.0
1.0
1.0
5.911682288930701
1.0
8.832397657551708
2.0
1.0
1.0
1.0
1.0
2.0
5.92224793621853
1.0
1.0
1.0
1.0
4.992718857155235
1.0
1.0
1.0
1.0
1.0
1.0
1.0
8.811472124125723
1.0
4.951023367875374
1.0
1.0
1.0
9.718585363496002
4.0
1.0
2.0
1.0
1.0
1.0
1.0
1.0
1.0
1.0
2.0
1.0
4.986895955934903
4.98087885176103
1.0
1.0
1.0
1.0
1.0
4.0
1.0
1.0
5.917530452099914
1.0
1.0
2.0
1.0
1.0
1.0
1.0
4.0
2.0
1.0
1.0
1.0
2.0
1.0
1.0
1.0
2.0
1.0
1.0
6.881003556828158
1.0
2.0
1.0
2.0
5.9810962480859455
4.945395625836047
1.0
1.0
1.0
1.0
1.0
3.9965911048960487
1.0
2.0
1.0
1.0
1.0
1.0
5.961261920108136
2.0
3.9999998333333378
1.0
4.0
1.0
1.0
2.0
1.0
1.0
1.0
2.0
1.0
2.0
1.0
7.965532866658833
1.0
1.0
1.0
1.0
1.0
1.0
2.0
1.0
1.0
2.0
1.0
1.0
2.0
1.0
1.0
1.0
1.0
1.0
1.0
1.0
1.0
1.0
1.0
1.0
1.0
1.0
6.861072253730475
1.0
1.0
4.0
1.0
1.0
4.9688055761943275
3.9987891528708497
2.0
1.0
1.0
2.0
5.971359913491969
1.0
4.979202930161239
1.0
1.0
1.0
1.0
1.0
1.0
4.988733230703648
1.0
1.0
1.0
1.0
4.966893080692596
1.0
1.0
1.0
1.0
2.0
1.0
4.99020606967785
1.0
2.0
5.989081334835204
1.0
1.0
2.0
1.0
4.9792202164598764
1.0
1.0
4.0
7.942247182522293
1.0
1.0
2.0
1.0
1.0
1.0
1.0
1.0
2.0
1.0
2.0
2.0
2.0
1.0
1.0
1.0
1.0
2.0
1.0
4.976207421682597
2.0
1.0
1.0
7.9279849195254135
1.0
1.0
1.0
1.0
2.0
1.0
1.0
1.0
1.0
1.0
1.0
1.0
2.0
